 

§.17

777777>κ 5777777771, 777 ,777 7777777 777777ι77777 777 s 777777 r}
51:12- 777,- ..J ,7771777777 7777777777 777 77777777 77 77 7777777 77
7777, 77777777 ,7,777777 ,1777 77777777777777777 777 7 77777 777777777777.
777771777 777 7777 ,7,,7777777 777-..77377777 77777. 7777777777 7777777777 77777,
7777 7777777.7,7777777,7777 7,.7777777777777 ,777 [,77-,77777777- ,777 7777777 77,,77777777
7777 77 , ..777,77,7ἶῗί77ν,τ,7777 ,[7777 7777777777777777 7,7 77,7«77,,777777; 7,,.777 7,,77,777;7777 77 ,,77
77 7777 s 7771777777 71777 77777777, 7,.7 {5:2⁸2} 71777 ,ιζ 7777 ,77,77.,.ἶ777,7 7 , 7177777777
,7,777 7777 7777 κ777777777777777777777,777777,,ι77777 :1151- 777777777 77777 7,] 7777 ,7
,77777,77,777777777,77 7777,77 ,,777 ,7777777 7
π- 7Ε77777,77777 77777777 7777 ,177777777777077 ,1777777777 7,.777 777-77777 777 7, ,7777777 ,7777777 7777777777
7777177777, 7 77747 [7777] 7777 7777 777777777777 ,77777777777 ,fn-3:11 77777,777 ,7777777777777 7777 77777
Ι777777 7 77 77777 7, 7 77 777 ,7777777777 ,777777 7777 777777 ,7, 77777777777777 ,17777777777777 ,777777777ι7
[,77 ,777 77777 , 7777 7777 7777777777777 77,]7 ,77777 ,,,Ξῖίζῑέῑ ,7,7,77Ξ777777,7 t: 7,7 7777,7 {s 7
„ji 77 7777777 77 7 ,777777777777717 :CL z ,77-,7774 77,777ε77777777,77-7777 77771 ..777-,Ἴ 777 ,,,777 . 77
7, 7777777 ,κ ι 77 7 7 77 ,77777777 Π mm. ,777 a< 21:12 :- 777777777777777 ,17777777 77 777ι, ,777777
,7777777 μ ,7 7777777 ,77777 ,1777777777 ,7777777777 .7,7,7,,7777.,ι7777,7 7, 77771, ΖΠΗ,Η 77777,7,77
77,7 7 77777 777 ,7 ,777777 ,7777777777 ..7777777777 ,7777777777 7777 ,777 12:- 777 ,7777777777
:hs-m. ,7,77 ,77, 7 Η7 7 777 777-7777777777 ,7,77 .> Z: rssu. ,7 777 77,- ,7κκ ,777727 77 ...77777777
,7777777 s: 7 ,77777777 777 [77777777 ,17777 ,1,,777777777777 ,777777777777 ,7, ,77777777 777-77777 77
tus-,u- 771Ηῖ, 77 7 , 7777777777777 32:752:- 717 ,777777777ῗζ7ἷ77ς 7777777777η7777 ,7,7,
7777777777 7 , 7 7777 Δ77777 7777 nnn, ,[777777 777777 77777 7777777771, ,777 777777-7777777777777777
,7777777777 ,7 7 7, 77 77777777 7777777777 777 7777 777777777777 777 7,,777777777777777 7777777771 777777 777177 9777777(
,77777 ,,,77777 7 7, 77777 ,1,,777 ,77777 ,7,7777777777777777 ,[77,7], 777 [777777 ΕΗΒ ,7 ,77 777777 ,7777777777
,,77777777777777777 ,, , 777777,77, 77777 [7777 ,7,7777777ι77ι, ,7977777 ΖΓ7Η,Π 777777 κ77777777777 [777 777 77 ,7777777777
777 1777777777 ,7 777777777 7777777777 77777777 α7777γ, ,4777777777 777777777777777777 ,777777777777777777 7777 ,7777777777
[777771. 7777 7777777 7 777777777777κ7 ,37777777 ,77775777 ,77777777 {82:1ss- 777 ,77777 177771, ,777-,,7777 777,
7777777 77777 7 7 77777 77 777,777777777777777,7 ,[777 777 77 {Zzzix ,177777 ,77777 ,77 [Ti 7777 77777777777777777777
777 77777 ,77,77 s ,7 7777 {E ΓΗΚ ,777775 777777 ,7777777 ,77777777 777 77777777 ,777177717Εηι7777777777
7777777777 77, 77 7777 7777] 777, 756711Η 777,7777777,777 [7777777777 snm, 7777 7ι7Γ7η..777,7ι777,7,7777 7777777777
..,77777, ,7 , s 77 7777777 Δ[777-77777777 7777777777 ,7 ,7777777777 ,1777 ff ,7777,7,κκ ,7777777777 77 [7777]
,7777771777 7 77 ,7 77777777,7(7,7 7777 7 ,7,777777777777 7777777777777777 77,- 777777777777,7,77777 ,777777 7 7777777777.
[7777177777. , [7777 777-,77777777 77 ,7 ,7777777777777 ,4774777747 7777 ἒξ» 7777 ,17777 ,77 [777777 7,7ι7Η,Η
777777777777, , 77777777777777777 [777 7777777777 ,777777777777777 ι,,7,77 ..7777777 [77777777 777. 7777777 7ι77
777κ777 777 7 77777,7,777777777 33:12, ...Η ,,7ῑ7,777.κ 777 ,77777 7777777777 7177 [nun ,Ast-„VH t
Δ777777 ,7,,7777 7777, 7777777777) 777-,κς ,77777 77777777777777 Π.Μ7,1,Η 7777 7777777777717777ι, 7,- 77777777

κιίῑΗ ,7 777 777 777 777 7777 777ῐ7777777777 777 77],,7777777777 ,77777777 [7777 ,77 [7777777 777π7ῐ717777 77777777
7777 7777777 fx, 7 :s 77777 777777777777777177777 ,77777 ,ωικ 7777 777777.. 77777 7777717777 7. ,777777ππ7ῖ 717
7777 7777,777,7777777 7 7 7,77 ,7,- ‚ff ‚ss 7777777771777 7777777 7777 7,κ.7.71 7777777,Ι 77777177 [7777777777777777 ,,77
,777 7777777 las.. 7777 7,7 777 mrx 77,7,7[7777777777 7777 7777777 ,77 ,7777777 777777777777777777777777 77 ,7777777

,7777777777777777 7 77 777777 7777717777 7777777, :C 7777777777Ξ777 Z> ,7,7777-777777 7777777777] ,77 7777777 77177777777777

777777777 7777777777 ,77777 ,7777777777 7777 7777777777 77,77ι777>7777,], ,777797 7777777777777 777-7777777 77.7 7777777717 7,,,77

7
7777777777777777 ,77777 7 ,7 7, 7777 Ζωίυ 7777 ΗΓΖ 7777777,7ῑ77777.77,7 7777 ,fa ,7 7777 77777, 777 777 777777 7777777,
,7771777777777 , 1 7777777 777 ,17777 77 ,7,,77 77 ,7777777777777777777 ,7777777 ,777 777777777777777777777 ,77777 [Γ

mss. mun-1 , 77 ,77777 77777 ,777777777777777ι77777 7777 ,77777777 7777777 7777 77777 71, ..7,7777777777777777777 77771

777 7777777777 7,7 , 7777 [7777777777 1771 ,1777777 777 ,77777777-7777 7777 77,- 77,777771777 ,777-7777777177 777

..ulfi 7779171 9777777 ,,7777 ,77777777 7,7 ,777777777,77,7 ,777
,[,77777777777

[7777 777 777 7 74777777 777 7777 ,ἔΝΞέ ,777 777777 7777 ,7777777 ,77-7777777777, 71777777 777777
,7777777777ι77, 7,,77 7777, 7777777777 fl„ ,7475777777 ,ΛΞἿ ,[7777ζ7777777771, ,17777777 ,7777777777 777

,Φῆ OE ,zm-s: 7771.

 

